2537
4812
3282
3635
7355
3445
6113
2672
3858
2157
4468
7789
6092
6090
5241
4324
3221
6330
7614
7915
7483
6133
3692
5187
5086
4507
6208
5295
7575
4296
2651
3222
5747
5332
7381
7749
5015
2016
7445
4855
4590
6966
6429
5158
3705
4984
8116
5375
3487
6876
3499
4384
6293
5527
7444
6685
2311
6415
6671
4116
5519
4069
5263
6798
6525
2235
7237
2575
3609
3274
5467
3607
6093
7920
7804
6226
3862
3136
4082
2341
6316
5761
2232
6706
4552
2436
2698
3598
5206
7584
6601
6593
2267
3800
2963
5717
6816
2312
4834
8058
2864
2084
4283
4546
5911
4618
2923
7865
3771
2944
5637
3999
7743
8017
2215
3073
6037
2588
2598
4548
4084
4533
2494
3964
5722
2136
7103
3348
2940
5300
7388
4542
4404
7068
5710
6006
7491
3772
7280
6314
5199
8170
7924
2109
5270
3650
7079
3180
4915
5103
2936
3784
2232
4431
3174
7205
6213
5286
2819
6411
7752
5645
5211
6275
4678
5181
7482
7012
2457
5934
7069
4254
3867
2669
5567
6822
4945
2182
5319
2796
2579
5134
6056
5106
2643
5620
2306
7166
5724
2217
3959
2817
7221
3141
2688
7377
2054
6868
6816
8171
2506
5473
3449
3733
3590
4426
4174
4204
4553
5180
6601
7689
4109
3624
5814
7698
2685
3822
6776
6462
2830
2729
7891
5992
2955
2028
5025
5767
5659
5339
3944
4581
3078
2101
7244
6167
5673
3551
6169
2245
7758
6285
3684
7035
4080
4645
2619
5231
4733
7173
4777
2644
3332
6478
7927
7886
2465
6584
2271
4038
2614
4897
2115
2656
5517
5304
3510
2580
6243
2151
7256
6986
8191
7120
6064
2674
5188
4766
6989
6234
6435
7015
6566
2369
7853
6489
5699
2932
4975
6939
7435
4150
6759
6774
4055
7734
3773
2452
4671
4627
4222
6327
5259
4787
6261
3149
6333
2885
4954
5450
4998
4883
4248
8006
4597
4565
5642
2473
2319
2186
7646
4765
6859
4767
7261
7363
2214
8133
4777
4856
6247
3838
2215
5841
6347
7496
2951
6684
5851
4685
5458
5985
2564
4010
4068
5082
2760
2223
3802
4343
8115
4119
2014
7076
2753
7457
7608
3519
5350
5261
4527
6141
6326
5275
2960
6852
6406
7280
2486
4382
7674
6227
2731
7892
2425
7135
7934
2953
6638
6281
6030
3001
3664
3461
4990
4970
2556
2523
5217
5858
6641
7416
2263
5273
2028
7171
3145
7144
3469
5861
2594
6842
3258
6796
2670
3418
2363
3426
7855
2813
4886
7569
4646
6649
5324
8026
2191
5519
6539
4439
2960
7757
4045
7645
2235
3902
6337
6230
7553
4966
5657
3877
3346
6977
6996
2387
6891
7435
3180
2210
7919
7662
7354
5128
3625
3583
7673
3311
2840
6073
5144
7547
5628
3055
2972
2347
3064
2820
6470
2059
4289
6125
6400
2657
6286
4809
6638
2527
5633
3384
4259
2896
3949
8114
3425
7998
3535
2953
6533
2940
4338
7562
2906
7328
3078
7320
5645
5443
4849
4625
6377
4267
4616
2725
6580
3345
2904
7476
6673
5479
2560
6192
2696
7348
2081
4563
8083
5091
5969
2849
3410
2648
7324
2961
6929
6597
3917
4712
3136
2309
2955
5735
5508
2335
6655
5063
7428
6876
7421
5322
7086
7980
5897
2019
3907
5718
4620
2744
7008
5055
5575
3615
8126
5933
5943
3887
2981
3108
2714
6424
3701
7369
4833
7910
2341
3709
7782
2634
5223
4268
5408
7305
5995
4366
7188
6721
3052
2142
5582
3106
5280
5273
4225
4289
3419
8137
2883
5139
2430
3715
5692
4639
2676
3838
6129
4084
2358
3677
8164
5790
5463
6695
2502
3827
3218
6045
2536
2979
5379
7643
6654
7007
2579
4266
2149
2609
7808
5293
4071
5989
7708
4011
3268
7070
4613
7517
6603
2275
3869
7529
4562
6748
5155
3014
3154
5672
7338
6960
5902
4936
5880
3830
2133
4322
3817
3458
7702
2102
5629
2089
8044
7493
5215
2492
3714
3292
2016
4790
3056
3443
5988
3088
5391
2618
5195
4905
4418
5062
3834
6625
7469
6833
6099
7535
8154
7096
4970
5409
2794
2329
2834
7461
2409
4548
3416
